24.6629
27.0464
29.0576
26.9398
39.0715
18.4885
34.237
27.0694
29.1506
27.0785
34.2711
33.0839
24.922
27.241
29.4282
28.3841
29.3662
27.177
29.3752
27.2186
34.4589
27.1433
29.6403
27.239
29.2504
31.9193
24.6668
27.1698
34.3255
27.2979
29.3802
27.1742
29.4782
27.0388
34.5483
32.0103
26.6
27.1057
29.4383
27.2053
29.3189
27.0994
34.3968
27.1556
29.6317
27.2181
31.1888
27.1698
29.299
27.2017
34.4172
22.236
34.4546
27.2312
29.4508
27.0928
39.9791
17.9597
29.3458
27.0901
34.3661
27.1543
29.35
27.1333
29.3626
27.0848
39.2442
21.2391
29.3746
27.1416
34.5891
27.0781
29.3777
27.0894
29.3735
27.1157
34.495
24.0835
34.6326
22.1177
34.4993
27.0725
29.4171
27.0907
29.3523
27.2607
34.4567
32.0054
24.2935
27.0738
29.2863
27.1027
34.3782
27.1415
29.3583
27.1687
29.3087
31.9266
27.5347
27.0647
34.687
22.0155
34.3464
27.2671
29.277
27.1922
34.418
22.1394
31.3352
27.1102
34.6019
27.3241
29.1376
27.3319
29.215
27.2458
34.4606
27.1886
34.2211
22.326
29.3346
27.0655
34.5254
27.2019
29.5338
27.2129
29.3433
27.0837
39.2207
22.3774
29.4601
27.3064
29.3319
27.0611
34.4914
22.1209
34.3711
27.164
29.35
29.0223
29.3537
27.1641
29.2392
27.16
34.4631
27.2303
29.4138
27.8724
29.0752
35.5595
25.3012
28.3662
30.5285
23.1702
35.7202
23.1825
30.3885
28.262
30.3013
35.2007
29.1215
24.3292
30.3571
28.292
30.6293
23.1341
35.7115
23.0488
35.5092
23.2305
34.5111
23.2977
30.4987
28.4007
30.3409
28.3359
30.6187
28.187
30.6052
28.301
36.344
18.2673
35.5126
23.301
30.4466
28.1345
30.5946
28.1797
30.3652
28.2939
37.335
22.8601
30.251
28.3304
30.3302
23.1578
35.6747
23.1433
30.3888
28.3693
37.2703
22.5979
30.5282
28.2742
30.3763
28.3461
30.5961
23.2652
35.6188
23.1483
30.4803
34.2954
25.2305
28.2452
30.4427
29.3247
29.1839
27.3305
29.4004
27.0177
34.5128
32.0065
24.4182
27.1605
29.3837
27.2934
34.4017
22.2304
40.4395
22.4991
29.4562
31.8257
27.9796
27.2309
29.2637
27.2741
29.4415
27.1222
34.4217
21.9895
34.5956
27.0998
31.3036
27.0925
29.3712
27.1454
29.298
27.1727
34.4872
27.1663
29.4341
27.1666
34.1336
22.1018
34.4133
27.1424
29.3319
27.2658
29.3203
27.2729
34.4099
27.1452
34.1789
22.8282
29.3407
27.2091
34.4622
27.1899
29.3848
27.0976
29.4242
27.2632
29.3379
28.9873
29.2753
27.2131
34.3849
27.1648
29.2806
27.1168
29.3389
27.1338
34.5557
32.038
24.3121
27.1384
29.3471
27.0975
34.4185
27.103
29.4107
27.1351
29.3703
31.8769
27.7562
27.1234
29.2747
27.1401
34.3845
27.2357
29.372
27.1661
29.3203
27.111
31.7593
27.1802
34.5236
27.3887
29.3461
27.1169
29.3347
27.1817
34.3801
27.2636
34.2315
22.1858
29.3713
27.0848
34.5417
22.0663
34.4282
27.1913
29.3383
27.2491
39.0218
17.396
34.5971
27.2099
29.409
27.1046
29.4028
27.0774
34.3262
27.2128
29.3825
29.1194
29.3693
27.3102
29.4088
27.0553
34.4472
27.1597
29.4063
27.1406
29.3415
32.0584
29.3081
27.2491
29.4342
27.1016
29.3015
27.1736
34.5748
27.1538
29.3783
32.0176
26.9794
27.2769
29.4436
27.1941
29.2564
27.1527
34.4122
27.1338
29.3182
27.2037
31.3818
27.146
29.2727
27.1702
34.5202
27.2512
29.444
27.1553
29.3796
27.2049
36.4717
22.0695
29.3942
27.0604
34.5621
27.1919
29.4288
27.1307
29.3016
27.2364
39.0338
22.4297
29.435
27.195
29.3876
27.164
34.5031
27.2323
29.1352
27.128
29.2352
27.5658
34.4251
27.2109
29.4501
27.1174
29.3861
27.0926
34.567
22
34.3447
29.2154
29.365
27.1998
29.3541
27.1739
29.3235
27.0776
34.5161
27.2544
29.2639
31.8575
25.117
27.0996
34.3871
27.1844
29.46
27.2507
29.4116
27.059
34.5065
31.9631
21.4017
27.2142
34.3661
27.1781
29.4305
27.184
29.2948
27.1092
34.4301
27.0695
31.6421
27.1235
29.3907
27.1523
29.3685
27.2186
34.3706
27.2267
29.4838
27.1464
34.2113
22.0595
34.5532
27.2256
29.3752
27.1852
29.3859
27.2562
34.4681
22.0809
39.2087
22.4899
29.308
27.2119
29.313
27.2989
34.4368
27.181
29.3485
27.1682
29.3284
29.1173
29.2992
27.1569
34.2923
27.3072
29.2654
27.1864
29.3729
27.2124
34.4654
32.1234
24.2824
27.1872
29.3637
27.1263
34.3767
27.1895
29.3488
27.1816
29.3855
31.9192
27.4745
27.0826
29.4139
27.2356
34.4044
27.1961
29.3121
27.1291
29.4464
27.0887
31.3811
27.0968
34.5838
27.2393
29.3573
27.1233
29.2706
27.2002
34.4813
22.1449
39.3226
22.1639
29.3446
27.2103
29.3693
27.0743
34.4017
27.137
29.3629
27.2048
34.1334
22.6709
34.5327
27.2753
29.3602
27.0652
29.3359
27.2126
34.3896
27.2412
29.3044
29.1442
29.3012
27.1151
29.2705
27.1434
34.3862
27.1068
29.4262
27.1353
29.2607
32.0176
29.3116
27.2507
29.4107
27.1401
29.3247
27.1408
34.541
27.098
29.3599
32.0141
27.6004
27.1569
29.3964
27.2083
29.2531
27.2142
34.5188
27.1951
29.4246
27.1523
31.2553
27.1612
29.3632
27.1226
29.3633
27.1502
34.4559
27.1571
29.3645
27.1242
34.1944
22.2765
34.4498
27.1233
29.4013
27.1206
29.3568
27.1935
34.4052
27.1202
33.9525
23.0891
29.4122
27.1602
34.451
27.2123
29.4
27.1241
29.3825
27.1158
39.1012
19.4592
29.4574
27.2137
34.4303
27.3382
29.4131
27.0706
29.3857
27.1494
34.3884
29.018
29.3554
27.2584
29.4075
27.1627
29.3759
27.1416
34.5274
27.2312
29.2259
31.9663
24.8499
27.148
34.4089
22.1788
34.471
27.2246
29.3539
27.1579
29.2383
27.2369
31.334
27.213
34.3757
27.2486
29.5518
27.2674
29.2957
27.0909
34.5376
27.3581
31.1282
27.1963
29.3326
27.1784
29.4556
26.9958
34.4332
21.995
34.5409
27.0909
34.0503
22.3531
34.4663
22.0665
34.4417
27.1347
29.3441
27.1783
34.4732
21.9933
39.1446
23.0253
29.4317
27.199
29.3265
27.2173
34.4169
27.2349
29.4473
27.3726
29.377
28.61
29.334
27.2228
34.3764
27.3017
29.2805
27.1156
29.2713
27.206
34.522
26.811
30.2587
27.0335
29.3043
27.161
29.3577
27.115
34.3994
27.1879
29.47
31.8028
26.9947
27.1296
29.3061
27.1393
34.4087
27.1849
29.3297
27.2402
29.3513
27.0852
31.471
27.1635
29.2969
27.152
34.5145
27.2396
29.2814
27.2427
29.2816
27.0671
39.3701
22.2853
29.3225
27.1376
29.4143
27.1195
34.4375
27.2199
29.4305
27.1446
34.0932
22.8795
34.3641
27.2828
29.391
27.0879
29.2822
27.1282
34.4153
27.2198
29.3758
24.127
34.5327
27.1909
29.3382
27.1304
29.263
27.2504
34.2788
27.1627
29.326
32.2433
24.2217
27.1956
34.6266
27.0755
29.4476
27.1407
29.4666
27.0333
34.3112
32.1075
27.1869
22.0602
34.4316
27.2577
29.5124
27.1547
29.1836
27.2615
34.3224
27.3304
31.1748
27.245
29.4588
27.3507
29.2505
27.1364
34.4097
27.1811
29.4491
27.185
34.3106
22.2627
34.4149
27.19
29.4235
27.1213
29.3426
27.1801
34.5129
22.1746
39.1805
21.9895
28.9628
26.9554
34.3954
27.1357
29.3727
27.0884
29.3748
27.2197
39.2139
20.2963
29.2913
27.17
34.4628
27.201
29.3404
27.1652
29.2647
27.1577
34.4071
29.4184
29.4934
22.1505
34.4639
27.3284
29.2585
27.1698
29.3855
27.1241
34.3875
32.0359
24.6239
27.243
29.3787
27.1737
34.4444
27.2257
29.495
27.1468
29.3992
27.0825
31.1095
27.1885
34.5056
27.1561
29.4006
27.1874
29.363
27.0643
34.6125
22.1832
36.3807
22.0822
34.4146
27.2309
29.3404
27.2659
29.3301
27.0952
34.4704
27.0849
34.1102
22.2728
29.3448
27.3278
34.4193
27.0954
29.4168
27.2174
29.3613
27.1229
39.2093
22.6923
29.3454
27.3254
29.4191
27.1291
34.4656
27.083
29.3599
27.2149
29.2649
29.1649
29.2957
27.1085
34.5027
22.1886
34.4572
27.2621
29.2914
27.286
29.1903
31.8939
30.1642
27.1345
29.3009
27.212
29.4335
33.5422
24.8698
27.1743
34.5041
31.8566
24.7209
27.0168
29.2822
27.1363
34.3565
27.2907
29.3258
27.2634
29.2528
27.1684
31.7199
27.1234
29.276
27.1513
34.424
27.2817
29.3011
27.2747
29.2608
27.1301
39.3684
22.3025
29.4258
27.0485
29.3648
27.1403
34.4613
27.2312
29.3786
27.332
34.227
22.4597
34.4996
22.0462
34.4418
27.1941
29.3484
27.0817
29.5209
27.1481
34.4331
23.9293
34.5076
27.2387
29.3798
27.1368
29.1585
27.2315
34.3735
27.2522
29.5328
32.0171
24.2686
27.125
34.4459
27.138
29.2821
27.3804
29.3978
27.0853
34.4446
31.9144
22.2534
26.9546
34.5225
27.203
29.3348
27.3062
29.1835
27.1589
34.3547
27.2392
31.5196
27.2137
29.3132
27.1336
29.4141
27.2245
34.3718
27.0807
29.3965
27.1488
34.1947
22.3338
34.3238
27.2758
29.4059
27.1972
29.2951
27.08
34.6
22.1181
39.1075
22.5891
29.2903
27.1628
29.2225
27.3019
34.475
27.121
29.3995
27.1582
29.4508
29.3604
29.2819
27.3313
34.3535
27.1556
29.3717
27.0931
29.3659
27.2849
35.6465
27.898
29.4202
22.2346
34.4594
27.1684
29.4274
27.1016
29.2848
27.1741
34.3077
31.9107
24.9861
27.3206
29.3114
27.2172
34.3822
27.2158
29.4719
27.1141
29.3196
27.2935
31.0612
27.2377
34.4559
22.2112
34.3216
27.1784
29.34
27.1223
34.5033
22.1117
36.5504
22.2126
34.2099
27.1734
28.8206
27.1857
29.2842
27.1968
34.44
27.1291
34.0893
22.3661
29.3191
27.1155
34.462
27.252
29.3819
27.1202
29.2404
27.2008
39.2071
18.4324
34.3569
27.1764
29.4432
27.1338
34.4449
22.0037
34.4473
27.3007
29.268
29.2256
29.3252
27.1181
29.3804
27.1282
34.4795
27.2061
29.5033
27.206
29.2709
31.9423
30.1172
27.1713
29.3408
27.197
29.4115
27.1506
34.4787
22.0983
34.5903
31.8859
26.4803
27.0745
29.5129
27.0713
29.4662
27.1611
34.4616
27.2224
29.3952
27.1923
31.1658
27.1024
29.4165
27.2203
34.4037
27.2302
29.3676
27.1144
29.4364
27.1355
39.4152
22.2556
29.4704
27.2549
29.3249
27.1258
29.2876
27.1746
34.4097
27.2127
34.1732
22.4775
29.1778
27.2213
34.466
33.1091
24.5281
27.3303
29.1741
27.2025
34.5487
22.8749
34.6271
27.1869
29.5617
27.2198
29.2291
27.0754
34.3992
27.4146
29.42
32.0306
24.2364
27.1796
34.4865
21.923
34.3223
27.2758
29.3591
27.1511
34.4597
26.799
27.0347
27.0998
34.5064
27.2375
29.2554
27.338
29.3138
27.151
34.403
27.21
31.3172
27.1932
29.4255
27.1652
29.2816
27.2362
34.5701
22.0575
34.5212
33.3593
29.8329
22.1266
29.4037
27.2452
29.229
27.245
35.03
26.6665
29.2855
27.1332
34.1317
25.9036
29.4012
27.2498
29.3327
27.1287
34.5025
27.2639
29.3119
27.1022
29.4296
29.156
29.4072
27.1174
34.5243
22.0431
34.5744
27.1715
29.2868
27.1693
29.3243
32.0115
29.3973
27.2048
29.3944
27.1288
29.3205
27.2088
34.4189
27.1269
29.3837
31.9829
27.0694
27.2157
29.3411
27.2007
34.4706
27.1751
29.3677
27.1614
29.2577
27.1579
31.4064
27.1179
29.4155
27.2802
34.3761
27.1722
29.406
27.1197
29.2606
27.1658
36.6064
22.1044
34.607
26.919
29.3899
27.1721
29.3279
27.129
34.5388
27.1263
34.128
22.119
28.7173
27.2403
34.44
27.2138
29.3797
33.1869
24.5801
27.08
29.2633
27.1217
34.4155
27.1972
29.3327
27.1983
29.3449
27.1522
34.4996
27.2327
29.3188
29.1771
29.4033
27.1539
29.3429
27.3256
34.2561
27.3332
29.3416
27.1782
29.2856
31.9108
30.1517
22.1213
34.3338
27.2435
29.4003
27.2076
29.2682
27.101
34.5954
32.0213
26.4396
27.2314
29.2764
27.167
29.3264
27.1575
34.4961
27.1749
29.4714
27.102
31.3836
27.131
29.4365
27.0949
34.3855
22.2297
34.3833
27.2011
29.3216
27.1398
34.0346
22.2587
34.5078
27.1114
29.3251
27.0882
34.4798
22.1802
34.387
27.253
34.0905
22.8806
29.4648
27.1558
34.4539
27.1931
29.3929
27.1712
29.4552
27.152
34.4169
23.9199
34.6804
22.0243
34.433
27.1048
29.2923
27.1819
34.4009
22.1976
34.3218
32.1
24.2614
27.1669
34.5868
22.1126
34.3776
27.1857
29.3042
27.1401
29.3482
31.8691
27.3664
26.9874
34.555
27.3286
29.2855
27.2769
29.3832
27.1471
34.4151
22.231
31.0964
27.1217
34.5137
27.2523
29.1819
27.3345
29.3217
27.1687
34.4232
27.2368
34.2338
22.1683
29.3271
27.0938
34.4829
27.185
29.491
27.1375
29.3903
27.1903
39.1192
22.7083
29.4663
27.138
29.4283
27.0856
34.6175
22.0819
33.8876
27.1813
29.4384
29.382
29.357
27.1159
29.2274
27.1633
34.4364
27.1711
29.3419
27.1867
29.3862
32.1061
29.3479
27.1629
29.3024
27.1541
29.3508
27.3617
34.6015
27.1507
